"si" <-
structure(c(-0.336156125875639, -0.513763296651868, -0.718757230427537, -0.935306921046522, -1.14545589898411, -1.33100510464943, -1.47541085962257, -1.56549879747347, -1.59285423029823, -1.55471125856993, -1.45427579983946, -1.3004520546852, -1.10699388369313, -0.891167162100815, -0.672066257263167, -0.468746852403667, -0.298344638151033, -0.174397168177383, -0.105523570066802, -0.0945824039257083, -0.138423173319131, -0.228241180178857, -0.350505461648701, -0.488363048567287, -0.62340183773142, -0.737575516111772, -0.815114491498975, -0.844232327980262, -0.818442244036634, -0.73736390263196, -0.606915925040114, -0.438868110646846, -0.249788754493662, -0.0594687018115203, 0.111024441282744, 0.241493509447869, 0.314733979720246, 0.318438929945419, 0.246702390212745, 0.100955573570553, -0.109770275365935, -0.36929973240275, -0.655457479665161, -0.94180017110689, -1.19981603415338, -1.40137226674478, -1.52121637555899, -1.53928530166237, -1.44264126167343, -1.22682110501643, -0.896501095502537, -0.465361834697725, 0.0447757365274987, 0.605539623135785, 1.1841716407701, 1.74603200412442, 2.25730996773502, 2.68766601250982, 3.01253655707184, 3.21501793055677, 3.28703824130962, 3.22981353461031, 3.05350613303532, 2.77614675170046, 2.42190421536903, 2.01890219562243, 1.59674015491055, 1.18398388066887, 0.805823889113623, 0.482102074348417, 0.225926081396597, 0.0428997648860718, -0.0688858822381705, -0.118200866337707, -0.119385959070767, -0.0905845717809546, -0.051685695744154, -0.0221639591846305, -0.019034728332334, -0.0551189592263939, -0.137784293263831, -0.268269219512985, -0.441645111791019, -0.647411400194318, -0.870660505281244, -1.09367420900916, -1.29778829388379, -1.46534692009815, -1.581543150597, -1.63596952149296, -1.62370799164855, -1.54586644240703, -1.40951089988339, -1.22700049189374, -1.01479197165573, -0.791836472014298, -0.577704261887631, -0.390669499514112, -0.245914445704276, -0.154036266978442, -0.120017966402388, -0.142761139182108, -0.215228754501746, -0.325202593344305, -0.456566817730805, -0.590990999038806, -0.709864964033552, -0.796273374079912, -0.836824231268131, -0.823142788295761, -0.752877238688364, -0.630099997921991, -0.465066879068493, -0.273321966502264, -0.0742591604876096, 0.110768185382698, 0.260579289833798, 0.3563680440545, 0.383732405456589, 0.334351728655439, 0.207122956986962, 0.00865936314082854, -0.246921087816205, -0.538942443643563, -0.841743413750592, -1.12674486071337, -1.3648810925002, -1.52912793177905, -1.59691284028767, -1.55220964195296, -1.38711973335337, -1.1027819390258, -0.709539718836743, -0.226310267731111, 0.320738387484354, 0.900154907620811, 1.47763776350711, 2.0186723552695, 2.49122843386539, 2.86824890181596, 3.12963204942341, 3.26367485209271, 3.26778544403106, 3.14844836875369, 2.92043185095304, 2.60531481053042, 2.22947120732247, 1.82174613229183, 1.41097017446325, 1.02352552808179, 0.681286439399714, 0.400004534062959, 0.188303393110521, 0.0473503099486569, -0.0287658165079016, -0.052009766052812, -0.0388439681618948, -0.00830967520962769, 0.0200745440133149, 0.0283884664634364, 0.00215983088114723, -0.0681860750203261), .Dim = c(162, 1))
"T" <-
41
"sti" <-
1017
"Li" <-
67
"Ni" <-
162
"j" <-
0
