"s" <-
structure(c(2.2320267746814, 2.23838637837967, 2.17845254473512, 2.16889054166945, 2.07655478456648, 2.02571917437157, 1.91363985766961, 1.82225206294062, 1.69501945543019, 1.57116672429411, 1.43090154035282, 1.28528974825997, 1.134072824934, 0.979120463772179, 0.822314189680609, 0.665517850947535, 0.510548695303277, 0.359149534689349, 0.212962481624412, 0.0735047094033602, -0.0578533507205447, -0.179907008990323, -0.291633200401859, -0.392202998203239, -0.48099056792236, -0.557578439368877, -0.621759043214404, -0.67353252855373, -0.713100946924613, -0.740858955269302, -0.757381253960222, -0.763407035063382, -0.759821769354425, -0.747636707234789, -0.727966507762867, -0.702005440819387, -0.671002629440639, -0.636236812230481, -0.598991109339228, -0.560528269796028, -0.522066863204027, -0.484758855331262, -0.449668975495311, -0.417723364573911, -0.389724477019531, -0.366441188067346, -0.348432984394401, -0.336106992374062, -0.329713918032584, -0.329347248188561, -0.334945689009304, -0.346298754816627, -0.363055358397841, -0.384735195526074, -0.410742662018156, -0.440382992535154, -0.472880267441331, -0.507396898245356, -0.543054174179925, -0.578953432906204, -0.614197407564462, -0.647911300661401, -0.679263142634356, -0.707483009222591, -0.731880696682453, -0.751861486903445, -0.766939674945343, -0.776749578596478, -0.78105380228691, -0.779748584997468, -0.772866122512312, -0.760573817226601, -0.743170472457469, -0.721079511517408, -0.694839363409007, -0.665091215644111, -0.632564389200621, -0.598059639918768, -0.562430733730654, -0.526564679168802, -0.49136102891529, -0.457710682196781, -0.426474631235102, -0.398463097534378, -0.374415497505723, -0.354981661953618, -0.340638483743398, -0.331840007202387, -0.328907718020513, -0.331985671423824, -0.341065972849537, -0.355984480058982, -0.376419697304216, -0.401894930478597, -0.431783708207967, -0.465318409164176, -0.501601971765864, -0.539622500136848, -0.578270520963719, -0.616358590928059, -0.652642904810736, -0.68584651120498, -0.714683706942124, -0.737885153600238, -0.754223240445251, -0.762537208288974, -0.761757548297864, -0.750929198820024, -0.729233081692277, -0.696005546929752, -0.650755330686926, -0.593177675235618, -0.523165310594858, -0.44081605438811, -0.346436848390744, -0.2405441158605, -0.123860391837856, 0.00269275216342395, 0.138005398626657, 0.280793431725867, 0.429615919654387, 0.582895448423225, 0.738941068609098, 0.895973467437573, 1.05215193666287, 1.20560267271639, 1.35444792014788, 1.49683545291479, 1.63096788085195, 1.75492880921854, 1.86731056887305, 1.96664677405805, 2.05163111388916, 2.12113865491918, 2.17424426563312, 2.21023783216864, 2.22863599038409, 2.22919016053135, 2.21189073613562, 2.17696734704708, 2.1248851867487, 2.05633746457052, 1.97223411314256, 1.8736869488906, 1.7619915473456, 1.63860615426489, 1.50512800689915, 1.36326748614391, 1.2148205588783, 1.06163999976128, 0.905605902539512, 0.74859600211589, 0.592456330021585, 0.438972717509827, 0.289843642427845, 0.14665488869836, 0.0108564512129369, -0.116257925061251, -0.233568234043574, -0.340142444994166, -0.435247267940226, -0.518355295296786, -0.589148435037321, -0.647517619963043, -0.693558846534058, -0.727565664041328, -0.750018299340976, -0.76156966273834, -0.763028535788317, -0.755340290774811, -0.739565533581447, -0.716832033781523, -0.688328413877685, -0.655365945901974, -0.619227963908159, -0.581191263287929, -0.542501739464229, -0.504351131187051, -0.467855297462616, -0.434034424637404, -0.403795520160071, -0.377917502808633, -0.357039146586183, -0.34165007806469, -0.332084965804565, -0.32852097679031, -0.330978509849544, -0.339325151047627, -0.353282732362259, -0.372437313811489, -0.396251851856892, -0.424081264480702, -0.455189556892882, -0.488768632292344, -0.523958380275566, -0.559867611987348, -0.595595396401977, -0.63025234648632, -0.662981407519278, -0.692977712425505, -0.719507090339361, -0.741922844282319, -0.759680451179373, -0.772349881668802, -0.779625287350354, -0.781331858228758, -0.777429712009382, -0.768014738388947, -0.753316384312517, -0.733692429077353, -0.709620859903608, -0.681689017943656, -0.650580240507771, -0.617058276465094, -0.581885711817562, -0.545962704495263, -0.510215563194676, -0.475542300547102, -0.442822916660748, -0.412898263823025, -0.386549466517182, -0.364478333302241, -0.34728918062972, -0.335472463712033, -0.329390576534893, -0.329266142602833, -0.335173070762797, -0.347030597347735, -0.364600477930386, -0.387487430294689, -0.415142866023235, -0.44687188263051, -0.481843422746985, -0.519103442791008, -0.557590872148434, -0.596156086362543, -0.633581565394861, -0.668604361728226, -0.699939963903118, -0.726307109819665, -0.746453081454777, -0.759178999015408, -0.763364628270282, -0.757992219978641, -0.742168914878786, -0.715147271336238, -0.6763435050226, -0.625353070273098, -0.561963260266318, -0.486162556958568, -0.398146520742571, -0.298320072944551, -0.187296090311769, -0.0658902983133272, 0.0648874819018901, 0.203845610953134, 0.349626246229929, 0.500618932772279, 0.65528581242384, 0.811894420558326, 0.968635625424515, 1.12365115829814, 1.27506230812494, 1.42099928673358, 1.55963075497934, 1.68919299372211, 1.808018206548, 1.91456145363828, 2.00742573801432, 2.08538479620363, 2.14740318466169, 2.1926533003567, 2.22052902793305, 2.23065576581975, 2.22289664842532, 2.19735484993848, 2.15437192593377, 2.09452222060884, 2.01860343867755, 1.92762355033487, 1.82278426395528, 1.7054613630041, 1.57718225984025, 1.43960116858927, 1.29447234112486, 1.14362184362825, 0.988918375581233, 0.832243647957553, 0.675462842567299, 0.520395669932719, 0.368788528877371, 0.222288247530369, 0.0824178531967176, -0.0494452217935804, -0.172088138739514, -0.284478550095338, -0.385777149343416, -0.475346689851325, -0.552757355347381, -0.617785697139742, -0.670405114765614, -0.710803000646709, -0.739358975858521, -0.756633373714791, -0.763352087053047, -0.760388728790698, -0.748744465616531, -0.729525925421503, -0.703921612195943, -0.673177286982651, -0.638570789585601, -0.601386782766932, -0.562891898470134, -0.524310754214316, -0.486803287425526, -0.451443826497363, -0.419202280370242, -0.390927784115639, -0.367335087287333, -0.348993915667758, -0.336321476617807, -0.329578214745471, -0.328866859318928, -0.334134739076199, -0.345179275148009, -0.36165650001545, -0.383092391024896, -0.408896752160912, -0.438379328616528, -0.470767796161128, -0.505227232210485, -0.540880648514468, -0.576830146990169, -0.612178250756654, -0.646048962004164, -0.677608106903584, -0.706082545098612, -0.730777847017195, -0.751094075722139, -0.766539350575183, -0.776740916765442, -0.781453496788911, -0.780502233876322, -0.773940865169153, -0.761957707100967, -0.744841282232216, -0.723005120155293, -0.696978478516656, -0.667394414563936, -0.634975448997474, -0.600517114301658, -0.564869724535611, -0.528918741848527, -0.493564145944515, -0.459699235685542, -0.428189306473132, -0.399850652640903, -0.375430340647092, -0.355587186389011, -0.340874348662385, -0.331723921033906, -0.328433866736622, -0.331157596352652, -0.339896436886364, -0.354495184357907, -0.374640871380361, -0.39986481753298, -0.42954796498186, -0.462929436040102, -0.499118184524111, -0.537107550154793, -0.575792466130559, -0.613989015548381, -0.650455983659169, -0.68391801098345, -0.713089917913605, -0.736701745265866, -0.753524037826775, -0.762392889597403, -0.762234270325473, -0.752087162999615, -0.731125061052264, -0.698675401696131, -0.654236547559754, -0.597491971897681, -0.528322706658788, -0.446824239237436, -0.353286941664179, -0.248210142379434, -0.132299219874502, -0.00645900720071206, 0.128216420237225, 0.270457434001542, 0.418835814262436, 0.571784717022553, 0.727621322696799, 0.884571789915423, 1.04079809314115, 1.19442628496365, 1.34357569453943, 1.48638855321106, 1.62105952732189, 1.74586463691487, 1.85918904744813, 1.95955323976523, 2.04563709101587, 2.11630143554116, 2.17060671923916, 2.20782841277171, 2.22746890717134,