"s" <-
structure(c(2.23280035402794, 2.23916449580761, 2.17921724921612, 2.16966525477839, 2.07731824731906, 2.02649520810403, 1.91441906647184, 1.82305617316873, 1.69585347953801, 1.57205220403403, 1.43185596429878, 1.2863369847247, 1.13523876287842, 0.980433172829264, 0.823803202099902, 0.667213305569572, 0.512480362789932, 0.361345747530683, 0.215448996208852, 0.0763035305681638, -0.0547251498412308, -0.176438437408613, -0.287820434869601, -0.388050368986671, -0.476511410877373, -0.552795782434736, -0.616706098322542, -0.668252963655887, -0.707648917308594, -0.735298878458851, -0.751787318178519, -0.757862437352803, -0.75441768585157, -0.74247100465348, -0.723142211687083, -0.697628982798801, -0.667181900961027, -0.633079059251617, -0.596600706114466, -0.559004414982327, -0.521501244725032, -0.485233332972616, -0.451253331713551, -0.420472945323205, -0.393678211477788, -0.371620558319737, -0.354840096414887, -0.34372339423085, -0.338499759529615, -0.339240813419231, -0.345863326624186, -0.358135223400466, -0.375684596353255, -0.398011516429794, -0.424502367720669, -0.454446387497001, -0.487054049125465, -0.521476890003548, -0.556828359168481, -0.592205240322346, -0.626709196078918, -0.659467978490068, -0.689655859378657, -0.716512851529408, -0.739362318020176, -0.757626601383925, -0.770840346176367, -0.778661237029744, -0.780877928405628, -0.777415000908405, -0.768334840982554, -0.753836404820566, -0.734250892044222, -0.710034418868318, -0.681757842708051, -0.650093949288499, -0.615802268067245, -0.579711831094267, -0.542702233329358, -0.505683388074968, -0.469574398872582, -0.435281988428387, -0.403678935527616, -0.375582972292096, -0.351736586536888, -0.332788157569651, -0.319209674823583, -0.311444210350593, -0.309798021802912, -0.314396429924474, -0.325209071855959, -0.342045987972656, -0.364556964363738, -0.392234191726827, -0.424418236290955, -0.460307252692397, -0.498969303794959, -0.539357589553237, -0.580328327423492, -0.620660971740262, -0.659080410029251, -0.694280731448475, -0.72495012734617, -0.749796457056805, -0.767572994124585, -0.777103859568751, -0.777308649821488, -0.767225777617309, -0.746034064236471, -0.713072150754032, -0.667855333782454, -0.610089476904426, -0.539681701696984, -0.456747620927385, -0.361614940013548, -0.254823319947336, -0.137120464266797, -0.00945446298001455, 0.12703750378011, 0.271043931508427, 0.421096990650073, 0.575593463030561, 0.732818263807746, 0.890970148773351, 1.04818916568285, 1.20258537533052, 1.35226834389852, 1.49537689310781, 1.63010858912178, 1.75454688437863, 1.8672859866937, 1.96686632284731, 2.05199211480592, 2.12155240541705, 2.17463912064328, 2.21056184456747, 2.22885904102485, 2.22930551849466, 2.21191600167887, 2.1769447427819, 2.12488117659288, 2.05644169472515, 1.97255768443624, 1.87436004499577, 1.7631604582868, 1.64042974898291, 1.50777372209368, 1.36690691088907, 1.21962470530881, 1.06777435920738, 0.913225393623853, 0.757839922331339, 0.603443425042783, 0.451796482858005, 0.304567970059722, 0.163310166629172, 0.0294362174641136, -0.0957996819740158, -0.211319047043998, -0.316232544846353, -0.40984991091205, -0.491686205019773, -0.561464338717369, -0.619113877064102, -0.664766186419823, -0.698746067454018, -0.721560076653117, -0.733881799268112, -0.736534390766653, -0.73047075145635, -0.716751739188587, -0.696497936165765, -0.670882820813725, -0.641194470083783, -0.608685755032448, -0.574595599276886, -0.540125021953346, -0.506414427361558, -0.474522563530503, -0.445407536684065, -0.419910225970038, -0.398740393648428, -0.382465731156131, -0.37150402213157, -0.366118540749926, -0.366416738816995, -0.372352209278744, -0.383729848430623, -0.40021407546007, -0.421339907303747, -0.446526630366849, -0.47509375957357, -0.506278930525714, -0.539257333141942, -0.573162265785367, -0.607106368148668, -0.640203079461314, -0.671587866133528, -0.700438769784891, -0.725995842557884, -0.747579061336764, -0.764604345447706, -0.77659734290816, -0.783204697470395, -0.784202561583293, -0.779502177882842, -0.76915241273528, -0.753339188455237, -0.732381824828149, -0.706726364197065, -0.676936016362639, -0.643678918668733, -0.607713461749947, -0.569871481435486, -0.530977938768426, -0.491982948196546, -0.453852814055898, -0.417516174448373, -0.383872648470455, -0.353771404382539, -0.327990476779936, -0.307217271672338, -0.292030678307473, -0.282885178013619, -0.28009730377321, -0.283834760328431, -0.294108464166722, -0.310767706686857, -0.33349858327469, -0.3618257670947, -0.395117640381258, -0.432594729198562, -0.473341321364416, -0.516320082833853, -0.560389426618754, -0.60432333152688, -0.646833256802559, -0.686591754196784, -0.722257342009588, -0.752500177003782, -0.776028040388021, -0.791612143728986, -0.798112259907078, -0.794500693110882, -0.779884620212382, -0.753526363324862, -0.714861189383702, -0.663512276502116, -0.599302537779695, -0.522263050187076, -0.432637898007783, -0.330885305890752, -0.217675004593156, -0.093881841673315, 0.0394242815838892, 0.180991998158758, 0.329405374500735, 0.483002247169151, 0.640190049852708, 0.799190086972334, 0.958152988993446, 1.11518703818756, 1.26838750166541, 1.41586646433143, 1.55578264214571, 1.68637065330505, 1.8059692318006, 1.91304788422549, 2.00623151645635, 2.08432259149663, 2.14632042275123, 2.19143725753333, 2.21911086276372, 2.22901338754956, 2.22105634444399, 2.19539162141568, 2.15240850855399, 2.09272679591476, 2.01718607027447, 1.9268314075225, 1.82289572264567, 1.70677909948017, 1.58002547646126, 1.44429711145046, 1.30134728747269, 1.15299175112427, 1.00107939597099, 0.847462714086371, 0.693968539824607, 0.542369601018222, 0.394357374271633, 0.251516713311632, 0.115302683053554, -0.0129800120870742, -0.132194668155357, -0.241387009340886, -0.339796184515763, -0.426862178973958, -0.502229555203189, -0.565746152910796, -0.617450290479099, -0.657582762745931, -0.686570590270585, -0.705011300354312, -0.713656660802678, -0.713393912709791, -0.705224884295843, -0.690243404944907, -0.669611467668023, -0.644534608684524, -0.616236984262152, -0.585936627145284, -0.554821357773413, -0.524025809174393, -0.494609999218604, -0.467539850329445, -0.443670015422486, -0.423729320608876, -0.408309081010363, -0.397854486979651, -0.392659195288945, -0.392863194706828, -0.398453949144755, -0.409270755558667, -0.425012189370612, -0.445246448628946, -0.46942435068968, -0.496894683023905, -0.526921563872497, -0.55870342978072, -0.591393236300478, -0.624119435928418, -0.656007284056813, -0.686200019569029, -0.713879471742484, -0.738285659173266, -0.758734969170721, -0.774636536978665, -0.785506482595263, -0.790979708075507, -0.790819009073671, -0.784921309979788, -0.773258728609339, -0.7560339122981, -0.733583542679648, -0.706342010370457, -0.674863775413814, -0.639811827635723, -0.601943613282427, -0.562094707731432, -0.521160561886531, -0.480076691418943, -0.439797712428197, -0.401275653628203, -0.365437993224875, -0.333165877815922, -0.30527298066008, -0.282485447464133, -0.265423359541176, -0.254584117108942, -0.250328110110935, -0.252867000918848, -0.262254893436532, -0.278382607443038, -0.300975216580991, -0.329592944414662, -0.363635446725998, -0.402349441013637, -0.444839577358831, -0.490082379766682, -0.536943025089296, -0.584194668935412, -0.630539975725118, -0.674634464302799, -0.715111242186233, -0.750606671361839, -0.779786487126554, -0.801371879238417, -0.814165041799337, -0.817073704897148, -0.809134176935968, -0.789532451460773, -0.757622965639575, -0.712944638750545, -0.65523386723516, -0.584430623957899, -0.500707973595731, -0.404437149010372, -0.296204098946902, -0.176804618596261, -0.0472357455806377, 0.0913164652969835, 0.237492607968625, 0.389778786687609, 0.546528367913606, 0.705986261977255, 0.866315325180615, 1.02562443147088, 1.18199772946533, 1.33352457610406, 1.47832962309644, 1.61460252695905, 1.74062675797688, 1.85480699781921, 1.9556946395751, 2.04201093721067, 2.11266739327868, 2.16678302333941, 2.20369819203245, 