"s" <-
structure(c(-0.156790441864928, -0.115873693593224, -0.0659568996865651, -0.016503205348118, 0.0432999400923115, 0.103262513665409, 0.171569383031269, 0.241308321337853, 0.316782977884048, 0.394392434827339, 0.475325058145255, 0.558139741468624, 0.642305226969261, 0.727057199686842, 0.811592236282729, 0.89507956544642, 0.976673430046437, 1.05552583666986, 1.13079947046339, 1.20168054959645, 1.26739139428849, 1.32720249016771, 1.38044383466486, 1.42651536801819, 1.46489630702037, 1.49515321954975, 1.51694670080402, 1.53003653754466, 1.53428527406801, 1.5296601225087, 1.51623318989326, 1.49418002452195, 1.46377651418879, 1.42539419788855, 1.3794940804597, 1.32661906556402, 1.26738514603513, 1.20247151152403, 1.13260975116748, 1.05857234341206, 0.981160635915203, 0.901192525461078, 0.819490050994138, 0.73682556693812, 0.653957406842782, 0.57173495045403, 0.490879625066364, 0.412060926393783, 0.335887597989314, 0.262899988244567, 0.193563702845283, 0.128264646608026, 0.0673055230879746, 0.010903833696354, -0.0408086092105959, -0.0877846682064634, -0.130059405577993, -0.167746213080076, -0.201031637466253, -0.230169015499999, -0.255471052787563, -0.277301498760101, -0.296066085139996, -0.312202906981253, -0.326172433668498, -0.338447341953849, -0.349502364137984, -0.359804341865764, -0.369802669785343, -0.379920303660778, -0.390545494646756, -0.402024395607797, -0.414654666926384, -0.428680188576786, -0.444286962766133, -0.461600267614269, -0.480683097633628, -0.501535901665081, -0.524097603912174, -0.548247869272499, -0.573810550750804, -0.600558234786877, -0.628217780240196, -0.656476728898379, -0.684990450025722, -0.713389868896032, -0.741210483499362, -0.768097818624279, -0.793699092423905, -0.817631071858523, -0.839527610306554, -0.859047448308285, -0.87588146459552, -0.889759235021499, -0.900454770941307, -0.907791324948983, -0.911645170347916, -0.91194828096885, -0.908689859572659, -0.901916685672353, -0.891732276749772, -0.878294880083791, -0.861814335302073, -0.842547869876097, -0.82079491067268, -0.796891013950218, -0.771201033472294, -0.744111661371181, -0.716023488741631, -0.687342742445524, -0.658472861081018, -0.629806076397158, -0.601715166559936, -0.574545544605424, -0.548607839219918, -0.524171115796436, -0.501456873720384, -0.480633941276584, -0.461814372734982, -0.445050433394939, -0.43033273801328, -0.417589586501848, -0.406687518466205, -0.397433085489097, -0.389575817461926, -0.382812337150401, -0.376791555947569, -0.371120863797983, -0.365373207921881, -0.359042162428916, -0.351717105594351, -0.34291738008101, -0.332162213750774, -0.31898018626118, -0.302918705696536, -0.283553325870028, -0.260496736437645, -0.233407262467531, -0.201996717548683, -0.16603746478575, -0.125368552944756, -0.0799008103704086, -0.0296207968248299, 0.0254064672062463, 0.0850360532742254, 0.149042997260791, 0.217123505848209, 0.288897488652861, 0.363912384432943, 0.441648227211026, 0.521523876499289, 0.60290431547528, 0.685108902299856, 0.767420443134522, 0.849094941102493, 0.929371863700857, 1.00748476221463, 1.08267207065911, 1.15418790877956, 1.22131271370427, 1.28336352795993, 1.33970377763806, 1.38975238342076, 1.43299205874866, 1.46897666341803, 1.49733749705738, 1.51778843495253, 1.53012982822942, 1.53425111111185, 1.53013207947486, 1.51784282683862, 1.49747766890972, 1.46921839744409, 1.43352305228958, 1.39079708203859, 1.34151698585712, 1.28622311520363, 1.22551159051492, 1.16002546561804, 1.09044528435428, 1.01747918319952, 0.941852700369632, 0.864298455894619, 0.785545868356503, 0.706311072392096, 0.627287196688353, 0.549135155122228, 0.472475094043859, 0.397878626643957, 0.325861971100788, 0.256880093025471, 0.19132193490966, 0.129506796149544, 0.0716819071212892, 0.0180212200791579, -0.0313745812874193, -0.0764768725915467, -0.117326719008018, -0.154031403677253, -0.186759931057197, -0.215737598674208, -0.241239745556686, -0.26358479840598, -0.283126747062316, -0.300247188898128, -0.315347087302708, -0.328838392344965, -0.341135671997704, -0.352647900008089, -0.36377054168195, -0.374878071635492, -0.38631704811839, -0.398399857025753, -0.411399225423286, -0.425489693181418, -0.440874249034516, -0.457709602470463, -0.47607407279916, -0.495992799700683, -0.517438023474438, -0.540330374482606, -0.564541136775686, -0.58989543383761, -0.616176268322112, -0.643129332850045, -0.670468495658822, -0.697881853373212, -0.725038233605096, -0.751594022657529, -0.777200188436832, -0.801509365856543, -0.824182871596505, -0.844897517063873, -0.863352092749568, -0.879273403800393, -0.89242174540694, -0.902595717374612, -0.909636289796558, -0.913430045847277, -0.913911543100356, -0.911064751156389, -0.904923540443967, -0.895571214512599, -0.883139095651884, -0.867804190927775, -0.849785982413654, -0.829342401213753, -0.80676505955118, -0.782373828467965, -0.756510860334762, -0.729534165199455, -0.701810857858763, -0.673710198294543, -0.645596551694726, -0.617822395635464, -0.590721501133291, -0.564602411218954, -0.539637983530534, -0.516176382882808, -0.494417002154678, -0.474513160532357, -0.456568630624452, -0.440635030464532, -0.426710134447063, -0.414737141702505, -0.404604924132013, -0.396149259563781, -0.389155038545795, -0.383359416443765, -0.378455866058807, -0.374099070204208, -0.369910578861354, -0.365485141934194, -0.360397616481784, -0.354210336847935, -0.346480827514421, -0.336769731936101, -0.324648826193091, -0.309708984098341, -0.291567960470833, -0.269877861625414, -0.244332176699773, -0.214672250156704, -0.180693084546044, -0.142248373230302, -0.0992546750824343, -0.0516946569361463, 0.00038065543415801, 0.0568506610666915, 0.117525028915854, 0.182144613877073, 0.250383436147513, 0.321851699359348, 0.396099806403524, 0.472623316072361, 0.550868768842216, 0.630240296524834, 0.710106918347291, 0.789810415456198, 0.868628881639745, 0.94582459529672, 1.02079619932861, 1.09286323532709, 1.16136166662347, 1.22565263273654, 1.28513090049151, 1.33923288560392, 1.38744412484776, 1.42930608714938, 1.46442222194597, 1.49246315476733, 1.51317095306354, 1.52636239960101, 1.53193122605845, 1.52984927552443, 1.52016657916677, 1.50301034913991, 1.4785829065408, 1.44715857964024, 1.40907962343082, 1.36475122648249, 1.31463568493422, 1.25924583594652, 1.19913785389032, 1.13490352177653, 1.06716209779101, 0.996551902180424, 0.923721753058144, 0.84932238092634, 0.773997950838505, 0.698377818188388, 0.623068639177663, 0.548646950188367, 0.475652321701518, 0.404581182224332, 0.335881396102381, 0.269947666308371, 0.207117819542121, 0.147670016483465, 0.0918209150571328, 0.0397247993447179, -0.00852632843941161, -0.0529170036335476, -0.0934588628073191, -0.130227173212207, -0.163359693893904, -0.193042887139597, -0.219506914899483, -0.24302005635386, -0.26388264365947, -0.282420619641602, -0.298978826251416, -0.313914135899359, -0.32758853925219, -0.340362302719009, -0.352587306657246, -0.364600671339665, -0.37671877200556, -0.389231736970324, -0.402398513912678, -0.416442579249544, -0.431548354119649, -0.447858378124509, -0.465471278832093, -0.484440561360361, -0.504774228360464, -0.526435226652292, -0.54934270286885, -0.573374036976217, -0.598367609680231, -0.62412624772379, -0.650421280117683, -0.676997128610718, -0.703576347345564, -0.729865019794151, -0.755558415820533, -0.780346808151864, -0.803921345690626, -0.825979880984898, -0.846232650769921, -0.864407711756345, -0.88025603869416, -0.893556198086847, -0.904118518645601, -0.911788688515706, -0.916317975190426, -0.917763911186528, -0.916093613615796, -0.91131721314158, -0.903487945975451, -0.892701483541543, -0.879094509834561, -0.862842569089391, -0.844157218631643, -0.82328253348922, -0.800491020321148, -0.776079008278562, -0.750361593383585, -0.723667220742039, -0.69633199526126, -0.668693816413884, -0.641086435884867, -0.613833538601898, -0.587242947645919, -0.561601051864263, -0.537167551688925, -0.514170613749812, -0.492802518448538, -0.473215876830074, -0.455520483989017, -0.439780866028035, 